 41 72 4 10 61 3 94 54 81 26 12 62 6 35 7 77 79 55 20 88 31 15 2 2 31
 3 80 19 14 23 91 74 79 22 42 68 22 65 65 4 7 51 68 87 37 58 35 52 69 29
 90 39 24 94 45 64 94 62 77 54 78 3 90 82 39 74 68 78 75 76 97 56 49 5 53
 61 98 98 82 31 51 84 48 56 85 15 33 66 4 77 21 37 43 15 40 49 11 31 81 44
 60 19 68 89 51 94 72 76 11 60 87 94 24 46 79 19 3 94 60 42 91 91 30 14 69
 53 21 37 73 36 89 96 82 93 25 36 22 79 86 32 77 99 12 79 61 52 43 3 88 63
 48 47 56 16 41 47 76 44 68 82 37 21 63 67 53 49 89 5 79 54 66 82 49 86 56
 6 52 14 35 17 45 87 3 91 64 23 99 28 96 14 46 40 92 7 23 90 27 45 36 61
 45 92 85 36 5 30 91 79 94 79 24 2 81 26 57 81 60 79 82 90 5 26 74 62 5
 48 61 35 10 16 86 52 90 72 71 7 47 12 42 67 5 96 85 19 69 91 38 34 77 94
 26 39 16 18 65 86 36 35 5 70 87 58 93 60 50 90 42 38 18 91 60 37 75 78 12
 18 31 27 89 22 62 99 61 70 39 11 87 60 79 47 8 60 21 17 28 15 66 32 76 65
 31 20 47 64 34 53 14 90 93 93 37 75 94 54 66 15 8 35 37 59 54 48 71 4 41
 8 49 50 13 22 56 50 14 12 71 17 61 44 2 1 54 72 19 3 7 80 22 82 63 5
 74 48 87 46 26 84 45 22 93 1 49 69 66 64 77 38 41 99 8 27 56 2 98 88 32
 98 23 3 77 14 36 23 13 55 73 87 10 75 63 76 48 41 50 57 61 30 92 93 73 76
 66 96 79 32 79 26 57 36 88 49 33 39 42 42 17 53 10 15 16 49 44 51 24 75 67
 39 79 21 84 35 99 64 53 36 40 99 5 82 20 82 1 46 29 37 96 34 34 79 12 77
 59 56 96 61 21 69 66 87 30 20 48 48 85 76 40 77 92 33 87 20 89 69 67 55 45
 19 64 28 24 64 21 73 82 96 64 15 13 24 1 29 26 26 80 53 84 63 77 76 90 37
 31 32 39 92 29 33 4 96 83 64 63 76 55 69 85 54 50 27 92 90 53 55 96 36 11
 44 94 10 2 78 75 9 62 32 53 84 31 13 91 76 58 99 96 2 90 43 16 40 68 91
 56 55 18 7 43 66 85 92 66 91 11 92 63 49 89 42 69 95 61 22 94 49 14 50 95
 16 66 8 70 89 62 24 58 19 47 37 59 30 29 36 4 21 23 55 8 52 27 8 81 54
 13 9 33 92 28 59 51 12 23 57 34 70 28 62 61 83 43 45 17 94 40 68 11 45 19
 5 47 73 29 14 87 42 42 9 7 79 12 25 82 20 61 75 75 43 15 34 11 22 15 90
 7 63 15 14 42 32 52 52 44 87 4 26 80 46 40 39 63 88 74 50 74 46 43 6 50
 30 44 91 76 38 76 78 42 45 57 81 96 5 56 58 6 24 29 34 89 5 91 97 62 33
 36 27 30 58 16 57 57 40 82 93 11 51 14 30 16 58 38 26 16 57 3 2 81 83 43
 18 70 70 56 19 59 77 30 82 51 52 54 55 20 12 41 67 1 26 82 13 32 7 43 70
 10 47 71 57 67 30 52 24 42 40 42 27 91 89 50 38 39 76 51 76 11 88 45 34 9
 48 88 65 84 99 59 44 16 37 75 65 74 85 93 46 72 95 82 30 81 70 76 17 27 44
 17 91 9 30 96 76 27 50 98 85 91 41 58 89 63 28 67 21 84 90 37 37 2 31 28
 40 49 7 62 93 4 82 34 84 85 59 47 1 16 74 19 93 19 67 20 69 70 41 43 31
 8 38 23 17 35 84 28 12 27 36 87 77 21 3 2 26 37 33 30 37 47 79 20 81 23
 47 39 56 71 95 1 10 9 17 48 3 58 54 23 11 98 94 86 33 40 80 57 75 40 41
 13 14 35 4 19 26 83 34 88 10 48 19 88 45 21 13 86 54 28 13 45 13 28 4 32
 43 95 53 77 55 54 58 26 92 86 55 21 88 88 83 58 44 94 66 40 87 52 99 62 20
 69 19 18 18 27 44 87 4 89 55 53 68 50 8 88 68 24 67 93 80 71 15 45 81 11
 84 70 15 70 20 50 19 75 14 53 97 1 28 31 65 81 53 56 64 77 60 27 30 17 69
 26 14 27 40 37 8 3 46 71 34 72 35 29 8 1 32 70 66 33 13 46 5 52 8 60
 52 66 73 72 91 23 37 22 17 58 50 24 83 23 74 65 46 50 64 66 83 41 83 94 83
 55 81 61 45 29 63 82 79 65 58 66 72 93 63 42 43 21 53 19 82 15 7 54 30 23
 2 54 92 42 42 84 63 48 58 88 96 85 40 49 45 16 69 52 57 24 76 23 24 86 63
 3 98 97 48 40 34 71 28 84 46 60 35 44 44 38 20 99 63 29 59 88 76 59 50 51
 10 56 15 25 44 4 69 79 28 66 98 28 49 43 84 54 60 73 9 49 41 10 14 72 54
 39 87 75 41 70 84 34 47 5 26 50 50 94 39 44 73 11 23 96 8 63 42 33 4 32
 5 75 61 31 89 31 59 90 86 69 30 55 90 89 83 79 35 8 49 24 82 84 5 57 29
 69 51 7 49 48 52 68 26 26 28 86 28 4 59 50 5 15 75 45 53 81 42 88 35 35
 93 20 82 80 25 44 76 35 28 66 64 36 71 47 96 71 21 14 81 1 53 42 67 43 25
 51 81 88 17 66 43 74 36 64 77 23 22 10 85 88 77 14 66 9 5 60 13 82 74 62
 32 18 60 88 99 22 67 53 95 44 1 69 74 94 43 30 1 60 3 3 93 96 18 30 49
 85 63 78 94 81 60 52 38 23 20 14 65 29 9 13 55 70 92 96 86 85 14 97 71 51
 22 15 5 96 34 36 94 52 52 45 30 83 30 53 91 10 69 38 22 49 93 25 4 98 48
 89 54 76 54 10 56 36 3 51 71 36 66 98 36 64 92 16 13 44 66 60 4 17 24 32
 97 6 90 14 69 73 3 35 94 49 26 4 72 25 29 98 93 6 3 16 94 89 65 48 72
 26 61 91 69 11 23 48 92 18 16 54 72 70 53 65 30 57 90 99 56 5 41 35 49 57
 62 17 3 8 63 48 99 40 26 92 47 28 93 15 86 91 11 26 83 74 13 60 5 47 6
 36 91 54 23 60 9 84 4 3 11 22 55 35 77 26 24 45 62 11 68 23 86 34 70 11
 2 81 18 46 36 95 14 89 92 93 59 29 23 97 94 15 70 39 73 2 87 4 28 95 99
 68 38 64 73 95 26 29 67 74 6 78 24 15 96 29 32 23 93 44 68 67 23 57 98 83
 6 66 23 55 99 91 93 46 29 56 79 56 81 93 18 76 51 50 82 26 13 54 46 6 83
 34 79 49 84 18 40 34 99 25 96 93 4 19 68 23 42 40 78 9 84 17 58 36 64 64
 44 56 8 68 86 52 23 76 31 1 73 84 90 41 83 10 42 33 50 59 29 13 3 35 13
 15 64 43 75 58 63 33 84 19 94 38 23 11 60 38 3 48 89 19 13 41 7 25 99 91
 36 53 99 3 78 86 10 45 13 19 79 65 98 58 11 26 25 95 19 12 20 38 12 64 15
 43 31 44 77 6 10 54 56 81 61 62 7 71 50 81 27 94 84 15 39 13 71 67 16 2
 48 78 93 26 15 98 35 97 19 50 27 49 4 78 97 38 78 45 88 83 24 33 84 78 6
 43 34 21 35 44 75 79 80 96 22 94 66 10 17 80 49 11 85 71 67 79 86 39 55 13
 89 94 41 84 79 89 6 70 29 38 6 44 76 2 14 73 78 17 75 55 19 86 39 25 70
 25 25 35 52 14 84 69 11 73 31 69 16 92 64 15 42 25 64 85 35 29 75 27 23 81
 97 78 81 22 77 84 80 62 99 79 18 30 11 32 74 99 74 80 40 26 79 95 18 16 92
 1 45 35 71 93 57 86 29 59 39 1 31 59 9 41 79 12 12 17 99 79 60 25 59 97
 28 91 10 17 26 97 94 87 92 52 87 29 65 24 40 53 9 35 34 23 82 85 67 9 15
 96 4 67 70 33 48 65 27 69 27 65 34 76 10 12 55 23 71 62 37 9 2 11 98 99
 55 12 84 87 40 34 24 36 62 11 44 48 65 64 44 71 34 68 47 36 35 43 62 72 40
 32 85 19 72 64 11 2 51 48 22 58 83 55 47 99 71 24 9 34 12 53 85 18 76 73
 2 10 8 79 39 58 67 64 52 65 48 6 42 7 4 71 84 35 38 68 25 13 87 42 53
 61 91 3 50 73 21 95 20 37 27 3 34 89 21 50 95 72 97 41 89 78 37 42 27 17
 36 19 68 47 31 87 63 34 52 84 69 91 49 79 47 25 34 84 8 80 49 46 76 99 49
 15 49 83 11 72 62 75 21 33 39 92 98 35 75 11 68 78 98 18 72 24 29 5 9 68
 1 96 46 89 22 67 60 25 36 86 13 94 70 81 79 51 38 67 71 6 86 83 17 3 68
 7 8 30 68 81 43 77 92 27 43 35 90 18 55 10 75 43 7 78 10 8 51 61 31 17
 53 55 82 34 89 86 64 91 57 9 28 92 31 7 10 45 84 9 6 96 23 19 19 55 86
 93 63 60 48 42 94 37 86 14 23 59 16 63 88 75 39 9 27 57 27 37 32 14 50 56
 98 48 91 54 48 31 3 95 73 69 59 8 93 91 98 3 54 77 10 91 43 69 34 17 62
 12 26 33 70 52 27 46 26 43 78 97 84 17 70 78 8 15 45 59 77 58 47 10 56 96
 40 10 85 61 86 53 22 73 7 65 8 74 52 50 85 35 96 22 4 28 61 45 29 19 49
 22 6 70 67 33 47 64 9 20 15 9 8 65 52 66 13 22 28 67 1 74 5 15 37 60
 34 50 67 36 82 67 70 27 5 80 38 92 5 83 59 89 36 92 47 4 86 69 74 34 23
 52 39 75 36 10 24 84 84 36 75 86 97 83 56 49 33 18 43 2 35 8 96 5 43 72
 50 99 35 55 77 94 62 85 37 19 32 6 34 34 41 83 85 37 94 63 86 78 94 80 41
 24 83 3 41 22 80 13 1 20 49 21 83 92 51 36 18 41 99 76 86 45 84 93 42 81
 19 32 39 92 62 7 58 66 76 83 80 77 33 12 51 30 37 27 80 37 55 13 94 27 63
 50 10 40 8 27 23 47 72 77 66 25 37 85 61 69 2 24 56 13 90 92 7 36 46 19
 90 9 12 54 42 7 1 81 58 14 30 34 37 28 74 13 45 35 18 62 62 39 40 38 68
 15 35 5 39 20 13 66 21 76 2 79 32 73 63 75 31 83 99 74 81 61 17 85 52 1
 21 51 14 64 14 39 92 26 6 85 32 74 70 83 48 71 13 99 25 9 5 4 18 34 28
 22 86 24 52 46 2 89 99 74 22 91 90 64 29 26 96 34 46 13 28 51 58 2 66 95
 18 35 82 56 60 23 97 50 53 4 84 56 99 55 7 88 54 57 19 67 51 4 12 37 43
